384333
674631
809775
332281
559802
27926
341031
549925
499572
229972
112791
450291
646101
444694
311966
255944
33671
782236
837088
497788
348521
634958
306865
215479
689686
172798
822293
347206
579525
240726
831679
293116
106797
307685
388032
837115
322030
445309
712900
698615
414636
245373
142969
208761
523098
525846
38703
326888
798131
184350
240333
471822
140436
704178
588769
324421
537216
98318
217915
637820
33057
477967
602536
723934
61030
53496
124677
110134
472318
728963
626934
769090
584060
808337
444504
550961
373730
246054
35531
411258
9034
458424
733514
337091
668665
80538
100453
523684
381123
557591
177482
522689
651753
718311
573011
158626
554405
13708
626367
70393
219055
168224
181183
84190
337957
175768
470520
323683
333950
638452
775025
790723
465931
409588
475438
249186
412719
521543
436994
548371
387118
515061
796443
767617
680701
686555
499013
663306
749014
71467
155870
141585
272597
745174
638740
549390
754054
800453
837803
829868
666497
568547
677549
435260
364654
694158
489317
115437
469348
443258
691976
109254
249815
73306
347469
812376
672852
681009
596006
329667
392253
438890
599324
630710
13350
540872
578475
396033
748957
169808
724512
597028
116829
260951
637490
713011
378
393552
408968
583528
336610
662186
732528
336192
721385
753249
445317
426784
780451
215412
468844
704876
489818
645779
834573
802438
485404
519979
520893
416324
